v <- c(1, 2, 3);
v+1